Aerospace Eng. (AE): 202, 252, 302, 311, 312, 321, 322, 352, 353, 402, 403, 410, 412, 413, 416, 419, 420, 427, 428, 433, 434, 435, 451, 460, 470, 481
Astronomy (ASTR): 210, 330, 350, 404, 405, 406, 414, 450
Atmospheric Science (ATMS): 301, 302, 303, 304, 305, 402, 403, 404, 405, 406, 410, 411, 420, 421, 425, 444, 447, 448, 449
Biochemistry (BIOC): 406, 440, 446, 455
Bioengineering (BIOE): 201, 202, 280, 302, 406, 414, 415, 417, 419, 461, 466, 467, 472, 473, 475, 476, 480
Chem & Bio Eng (CHBE): 221, 321, 421, 422, 424, 430, 431, 440, 451, 452, 453, 456, 457, 471, 472, 473, 474
Civil & Env. Eng. (CEE): 310, 330, 408, 410, 416, 430, 447, 491
Computer Science (CS): 173, 225, 242, 357, 373, 410, 411, 412, 413, 414, 418, 419, 420, 421, 422, 423, 424, 425, 426, 427, 428, 429, 431, 433, 436, 438, 439 ,440, 445, 446, 450, 460, 461, 463, 465, 466, 467, 473, 475, 476; 477, 481, 484
ECE (ECE): 297, 304, 307, 310, 311, 314, 329, 330, 333, 340, 342, 343, 350, 361, 374, 380, 391, 395, 396, 397, 402, 403, 408, 411, 412, 414, 415, 416, 417, 418, 419, 420, 422, 424, 425, 428, 431, 432, 435, 437, 438, 439, 441, 444, 445, 446, 447, 448, 451, 452, 453, 454, 455, 456, 457, 458, 459, 460, 462, 463, 464, 465, 466, 467, 468, 469, 470, 472, 473, 476, 478, 480, 481, 482, 483, 484, 485, 486, 487, 488, 489, 490, 491, 492, 493, 495, 496, 499
General Eng (GE): 411, 420, 423, 424
Geology (GEOL): 107, 208, 333, 380, 411, 417, 432, 436, 440, 450, 452, 460
Industrial Eng. (IE): 310, 330, 360, 361, 400, 410, 411, 412, 413, 420, 430, 431
Integrative Biology (IB): 150, 202, 203, 204, 302, 335, 348, 368, 401, 402, 404, 405, 406, 420, 421, 424, 426, 427, 431, 432, 433, 440, 443, 444, 445, 449, 451, 452, 453, 461, 462, 463, 464,467, 468, 471, 472, 473, 474, 481, 482, 483, 485, 486
Linguistics (LING): 300, 402, 406, 407, 427
Material Science & Engineering (MSE): 280
Math (MATH): 213, 347, 348, 357, 402, 403, 412, 413, 414, 415, 416, 417, 418, 423, 424, 425, 427, 428, 432, 442, 444, 446, 447, 448, 450, 453, 465, 469, 473, 475, 481, 482, 484, 487, 488, 489, 494
Molecular & Cellular Biology (MCB): 150, 250, 251, 252, 253, 300, 301, 314, 316, 354, 400, 401, 402, 403, 404, 406, 408, 410, 413, 419, 421, 424, 426, 430, 431, 433, 435, 446, 480, 481
Mechanical Eng. (ME): 300, 310, 320, 330, 340, 350, 370, 371, 400, 401, 402, 403, 404, 410, 411, 412, 420, 430, 431, 440, 445, 450, 451, 452, 460, 461, 471, 472, 485, 487
Music (MUS): 407, 409
Nuclear Plasma & Radiological (NPRE): 201, 247, 402, 412, 421, 423, 429, 431, 432, 435, 441, 442, 444, 446, 447, 448, 451, 455, 457, 458, 470, 475
Physics (PHYS): 225, 325, 326, 401, 402, 403, 406, 419, 420, 427, 460, 466, 470, 485, 486, 487
Speech & Hearing Science (SHS): 200, 240, 300, 301, 320, 450, 470
Statistics (STAT): 420, 424, 428, 429, 440
Theoretical & Applied Mechanics (TAM): 211, 212, 251, 324, 335, 412, 435, 445, 451
